
                        S T E P       1


                                INCREMENT     1


 displacements (vx,vy,vz) for set XMAX and time  0.1000000E+01

        65 -7.607940E-04  1.146514E-08 -8.183415E-03
       130 -7.609518E-04  7.027372E-09 -8.183501E-03
       195 -7.609951E-04 -7.663049E-14 -8.183521E-03
       260 -7.609518E-04 -7.027526E-09 -8.183501E-03
       325 -7.607940E-04 -1.146529E-08 -8.183415E-03
       390 -5.694313E-04  1.462831E-07 -8.183078E-03
       455 -5.695904E-04  6.334946E-08 -8.183148E-03
       520 -5.696353E-04 -7.658095E-14 -8.183168E-03
       585 -5.695904E-04 -6.334961E-08 -8.183148E-03
       650 -5.694313E-04 -1.462833E-07 -8.183078E-03
       715 -3.790995E-04  2.014972E-07 -8.182521E-03
       780 -3.792341E-04  8.897301E-08 -8.182551E-03
       845 -3.792705E-04 -7.653262E-14 -8.182572E-03
       910 -3.792341E-04 -8.897317E-08 -8.182551E-03
       975 -3.790995E-04 -2.014974E-07 -8.182521E-03
      1040 -1.893955E-04  1.279080E-07 -8.182105E-03
      1105 -1.894701E-04  6.047856E-08 -8.182095E-03
      1170 -1.894909E-04 -7.648570E-14 -8.182115E-03
      1235 -1.894701E-04 -6.047871E-08 -8.182095E-03
      1300 -1.893955E-04 -1.279081E-07 -8.182105E-03
      1365 -3.373603E-15 -7.643779E-14 -8.181954E-03
      1430 -1.658174E-15 -7.643868E-14 -8.181930E-03
      1495  5.809380E-17 -7.643919E-14 -8.181948E-03
      1560  1.775402E-15 -7.643931E-14 -8.181930E-03
      1625  3.493074E-15 -7.644110E-14 -8.181954E-03
      1690  1.893955E-04 -1.279081E-07 -8.182105E-03
      1755  1.894701E-04 -6.047871E-08 -8.182095E-03
      1820  1.894909E-04 -7.639284E-14 -8.182115E-03
      1885  1.894701E-04  6.047856E-08 -8.182095E-03
      1950  1.893955E-04  1.279080E-07 -8.182105E-03
      2015  3.790995E-04 -2.014974E-07 -8.182521E-03
      2080  3.792341E-04 -8.897316E-08 -8.182551E-03
      2145  3.792705E-04 -7.634725E-14 -8.182572E-03
      2210  3.792341E-04  8.897301E-08 -8.182551E-03
      2275  3.790995E-04  2.014972E-07 -8.182521E-03
      2340  5.694313E-04 -1.462833E-07 -8.183078E-03
      2405  5.695904E-04 -6.334961E-08 -8.183148E-03
      2470  5.696353E-04 -7.630110E-14 -8.183168E-03
      2535  5.695904E-04  6.334946E-08 -8.183148E-03
      2600  5.694313E-04  1.462831E-07 -8.183078E-03
      2665  7.607940E-04 -1.146529E-08 -8.183415E-03
      2730  7.609518E-04 -7.027525E-09 -8.183501E-03
      2795  7.609951E-04 -7.625593E-14 -8.183521E-03
      2860  7.609518E-04  7.027373E-09 -8.183501E-03
      2925  7.607940E-04  1.146514E-08 -8.183415E-03

 forces (fx,fy,fz) for set XMIN and time  0.1000000E+01

         1  4.358942E+02  1.249327E+02  1.101382E+02
        66  7.557543E+02  4.587800E+01  2.214979E+02
       131  7.545884E+02 -5.429329E-10  2.247529E+02
       196  7.557543E+02 -4.587800E+01  2.214979E+02
       261  4.358942E+02 -1.249327E+02  1.101382E+02
       326  6.082521E+02  1.944622E+02  2.951713E+00
       391  1.003626E+03  7.293663E+01  3.198324E+01
       456  9.883534E+02 -6.727261E-10  4.387477E+01
       521  1.003626E+03 -7.293663E+01  3.198324E+01
       586  6.082521E+02 -1.944622E+02  2.951713E+00
       651  3.970470E+02  1.271438E+02 -2.681522E+01
       716  6.481048E+02  4.916287E+01 -2.449616E+01
       781  6.370197E+02 -3.997336E-10 -1.125070E+01
       846  6.481048E+02 -4.916287E+01 -2.449616E+01
       911  3.970470E+02 -1.271438E+02 -2.681522E+01
       976  1.979895E+02  6.353577E+01 -4.355034E+01
      1041  3.223299E+02  2.502369E+01 -5.750916E+01
      1106  3.168453E+02 -3.100385E-10 -4.421026E+01
      1171  3.223299E+02 -2.502369E+01 -5.750916E+01
      1236  1.979895E+02 -6.353577E+01 -4.355034E+01
      1301  3.503734E-09  9.148468E-10 -4.828141E+01
      1366  3.371982E-09 -1.623194E-10 -6.665311E+01
      1431 -4.343201E-11 -2.905621E-10 -5.326524E+01
      1496 -3.460473E-09 -1.552519E-10 -6.665311E+01
      1561 -3.558567E-09  9.324255E-10 -4.828141E+01
      1626 -1.979895E+02 -6.353577E+01 -4.355034E+01
      1691 -3.223299E+02 -2.502369E+01 -5.750916E+01
      1756 -3.168453E+02 -3.238904E-10 -4.421026E+01
      1821 -3.223299E+02  2.502369E+01 -5.750916E+01
      1886 -1.979895E+02  6.353577E+01 -4.355034E+01
      1951 -3.970470E+02 -1.271438E+02 -2.681522E+01
      2016 -6.481048E+02 -4.916287E+01 -2.449616E+01
      2081 -6.370197E+02 -4.301979E-10 -1.125070E+01
      2146 -6.481048E+02  4.916287E+01 -2.449616E+01
      2211 -3.970470E+02  1.271438E+02 -2.681522E+01
      2276 -6.082521E+02 -1.944622E+02  2.951713E+00
      2341 -1.003626E+03 -7.293663E+01  3.198324E+01
      2406 -9.883534E+02 -7.259810E-10  4.387477E+01
      2471 -1.003626E+03  7.293663E+01  3.198324E+01
      2536 -6.082521E+02  1.944622E+02  2.951713E+00
      2601 -4.358942E+02 -1.249327E+02  1.101382E+02
      2666 -7.557543E+02 -4.587800E+01  2.214979E+02
      2731 -7.545884E+02 -5.798095E-10  2.247529E+02
      2796 -7.557543E+02  4.587800E+01  2.214979E+02
      2861 -4.358942E+02  1.249327E+02  1.101382E+02

 total force (fx,fy,fz) for set XMIN and time  0.1000000E+01

       -1.587125E-09  2.793428E-09  1.000000E+03

 stresses (elem, integ.pnt.,sxx,syy,szz,sxy,sxz,syz) for set PROBE and time  0.1000000E+01

       864   1 -3.949088E+04 -1.273242E+03 -4.090812E+03  3.415477E+01 -1.717916E+04  1.408785E+03
       864   2 -3.960162E+04 -1.519523E+03 -4.287480E+03  3.415477E+01 -6.008104E+03  1.383979E+03
       864   3 -3.949088E+04 -1.273242E+03 -4.090812E+03 -3.361703E+01 -1.709343E+04 -1.408785E+03
       864   4 -3.960162E+04 -1.519523E+03 -4.287480E+03 -3.361703E+01 -5.922370E+03 -1.383979E+03
       864   5 -8.795282E+03  1.445104E+03  4.262674E+03  9.151744E+00 -1.722213E+04  1.408785E+03
       864   6 -8.856407E+03  1.347660E+03  4.115618E+03  9.151744E+00 -6.051070E+03  1.383979E+03
       864   7 -8.795282E+03  1.445104E+03  4.262674E+03 -9.007656E+00 -1.713639E+04 -1.408785E+03
       864   8 -8.856407E+03  1.347660E+03  4.115618E+03 -9.007656E+00 -5.965335E+03 -1.383979E+03
